0.0 0.6647 0.5915 0.29634 0.4817 0.64109 0.62456 0.49233 0.634 
0.6647 0.0 0.46871 0.6222 0.56907 0.47934 0.58323 0.67651 0.29634 
0.5915 0.46871 0.0 0.49233 0.31523 0.51122 0.31877 0.58796 0.31523 
0.29634 0.6222 0.49233 0.0 0.32113 0.61511 0.55018 0.31995 0.57969 
0.4817 0.56907 0.31523 0.32113 0.0 0.58323 0.48288 0.48406 0.48406 
0.64109 0.47934 0.51122 0.61511 0.58323 0.0 0.60213 0.66116 0.33412 
0.62456 0.58323 0.31877 0.55018 0.48288 0.60213 0.0 0.61393 0.51358 
0.49233 0.67651 0.58796 0.31995 0.48406 0.66116 0.61393 0.0 0.65053 
0.634 0.29634 0.31523 0.57969 0.48406 0.33412 0.51358 0.65053 0.0 

Pour les indices on a :
1 --> >Rosalind_2036
2 --> >Rosalind_4187
3 --> >Rosalind_9792
4 --> >Rosalind_2243
5 --> >Rosalind_2054
6 --> >Rosalind_1145
7 --> >Rosalind_4968
8 --> >Rosalind_2138
9 --> >Rosalind_2289
